Row,CovParm,CovP1,CovP2,CovP3,CovP4,CovP5,CovP6,CovP7,CovP8,CovP9,CovP10,CovP11,CovP12,CovP13,CovP14,CovP15,CovP16,CovP17,CovP18,CovP19,CovP20,CovP21,CovP22,CovP23,CovP24,CovP25,CovP26,CovP27,CovP28,CovP29,CovP30,CovP31,CovP32,CovP33,CovP34,CovP35,CovP36,CovP37,CovP38,CovP39,CovP40,CovP41,CovP42,CovP43,CovP44,CovP45,CovP46,CovP47,CovP48,CovP49,CovP50,CovP51,CovP52,CovP53,CovP54,CovP55,CovP56,CovP57,CovP58,CovP59,CovP60,CovP61,CovP62,CovP63
1,"UN(1,1)",0.004540,0.001866,0.000785,0.000595,0.000243,0.000074,0.000171,0.000053,0.000020,0.000021,0.002060,0.000880,0.000267,0.000047,0.000995,-0.00267,-0.00111,-0.00035,-0.00009,-0.00123,0.001588,-0.00255,-0.00133,-0.00070,-0.00032,-0.00017,-0.00004,0.000098,0.000054,0.000016,0,-0.00166,-0.00087,-0.00020,0.000066,-0.00108,0.001615,0.000847,0.000204,-0.00007,0.001050,-0.00104,-0.00001,-4.58E-6,7.171E-7,-9.96E-7,-4.35E-7,6.442E-7,4.803E-6,8.981E-7,-2.92E-7,-1.91E-6,1.03E-6,3.747E-6,-1.88E-6,1.385E-6,7.132E-6,8.086E-6,7.123E-8,-1.9E-7,-2.24E-7,-1.57E-6,-6E-7
2,"UN(2,1)",0.001866,0.002131,0.001406,0.000835,0.000506,0.000183,0.000372,0.000213,0.000086,0.000042,0.001870,0.001359,0.000482,0.000203,0.001301,-0.00208,-0.00163,-0.00061,-0.00027,-0.00151,0.001788,-0.00131,-0.00121,-0.00090,-0.00028,-0.00021,-0.00005,-0.00010,-0.00004,-6.44E-6,0,-0.00126,-0.00100,-0.00024,-0.00005,-0.00108,0.001125,0.000910,0.000220,0.000058,0.000983,-0.00091,-0.00001,-1.59E-6,-2.01E-6,-1.53E-6,-1.79E-7,2.79E-7,7.941E-8,2.671E-6,1.173E-7,4.261E-6,-2.02E-6,3.701E-6,-1.41E-6,2.393E-6,6.659E-6,2.665E-6,1.542E-6,-1.3E-7,-1.2E-6,-6.07E-7,1.226E-6
3,"UN(2,2)",0.000785,0.001406,0.002663,0.000552,0.001137,0.000513,0.000273,0.000541,0.000242,0.000102,0.001174,0.002176,0.000901,0.000429,0.001792,-0.00123,-0.00236,-0.00101,-0.00048,-0.00191,0.002089,-0.00067,-0.00088,-0.00116,-0.00021,-0.00027,-0.00006,-0.00013,-0.00017,-0.00004,0,-0.00085,-0.00112,-0.00026,-0.00015,-0.00108,0.000726,0.000955,0.000224,0.000130,0.000916,-0.00079,-8.69E-6,-6.63E-6,0.000013,-2.27E-6,7.221E-7,-9.82E-7,-2.11E-6,-1.27E-6,-4.23E-7,-0.00001,-6.32E-6,9.337E-6,-4.06E-7,-2.45E-6,6.477E-6,3.825E-6,-6.94E-6,-1.48E-7,1.836E-6,-4.75E-6,5.136E-6
4,"UN(3,1)",0.000595,0.000835,0.000552,0.002176,0.000928,0.000565,0.000113,0.000077,0.000130,0.000020,0.000442,0.000404,0.000934,0.000061,0.000223,-0.00195,-0.00109,-0.00147,-0.00017,-0.00089,0.002041,-0.00030,-0.00028,-0.00022,-0.00067,-0.00036,-0.00017,-5.44E-8,3.51E-6,0.000025,0,-0.00008,-0.00013,-0.00042,-8E-6,0.000018,0.000395,0.000290,0.000439,-5.17E-6,0.000192,-0.00038,-8.98E-6,3.562E-6,6.426E-6,-0.00001,-4.6E-6,-2.87E-7,1.616E-6,4.506E-8,2.486E-6,1.641E-6,2.058E-6,6.095E-6,-8.54E-7,-8.64E-7,2.583E-6,-3.53E-6,-5.9E-6,6.152E-6,-9.22E-7,-7.18E-6,4.068E-6
5,"UN(3,2)",0.000243,0.000506,0.001137,0.000928,0.001935,0.001510,0.000082,0.000203,0.000399,0.000040,0.000299,0.000708,0.001467,0.000121,0.000392,-0.00087,-0.00193,-0.00216,-0.00039,-0.00135,0.002550,-0.00015,-0.00021,-0.00028,-0.00035,-0.00046,-0.00021,-0.00002,-0.00002,-0.00006,0,-0.00009,-0.00012,-0.00041,-1.54E-6,0.000019,0.000233,0.000317,0.000401,0.000033,0.000189,-0.00033,-4.63E-6,-3.6E-7,9.85E-6,-8.6E-6,-3.86E-6,-5.8E-7,-3.68E-7,2.834E-6,-1.7E-6,3.56E-7,-5.19E-9,7.381E-6,-3.94E-6,2.111E-6,5.341E-6,1.675E-6,-0.00001,1.502E-6,-1.05E-6,-8.53E-6,8.695E-6
6,"UN(3,3)",0.000074,0.000183,0.000513,0.000565,0.001510,0.004403,0.000025,0.000090,0.000253,0.000017,0.000073,0.000250,0.000734,0.000052,0.000132,-0.00046,-0.00132,-0.00384,-0.00024,-0.00067,0.003418,-0.00003,-0.00004,-0.00006,-0.00016,-0.00021,-0.00065,4.127E-6,2.339E-6,5.147E-6,0,0.000018,0.000016,0.000018,4.671E-6,0.000015,0.000057,0.000083,0.000300,-0.00001,-0.00003,-0.00012,-2.75E-6,-1.74E-6,4.144E-6,-4.33E-6,7.121E-6,-0.00003,-1.17E-6,-4.56E-7,3.923E-6,1.764E-6,-1.19E-6,7.391E-7,9.894E-6,-1.29E-6,-1.86E-6,2.934E-6,-5.53E-6,-7.35E-6,-2.82E-6,-1.23E-6,0.000012
7,"UN(4,1)",0.000171,0.000372,0.000273,0.000113,0.000082,0.000025,0.001101,0.000472,0.000157,0.000105,0.000430,0.000322,0.000092,0.000520,0.000395,-0.00052,-0.00040,-0.00012,-0.00066,-0.00047,0.000572,0.000083,-0.00010,-0.00013,2.08E-8,-0.00002,7.065E-8,-0.00064,-0.00034,-0.00009,0,-0.00029,-0.00025,-0.00005,-0.00043,-0.00041,0.000306,0.000260,0.000053,0.000403,0.000426,-0.00044,9.204E-7,6.599E-8,5.727E-7,-1.71E-6,-5.53E-7,4.532E-7,-3.49E-6,-3.54E-6,2.903E-7,0.000024,1.515E-6,8.438E-7,-1.35E-6,4.109E-6,3.395E-6,2.869E-6,4.314E-7,4.407E-7,1.652E-6,-5.89E-7,-1.68E-6
8,"UN(4,2)",0.000053,0.000213,0.000541,0.000077,0.000203,0.000090,0.000472,0.000867,0.000363,0.000266,0.000230,0.000517,0.000180,0.000708,0.000499,-0.00027,-0.00059,-0.00023,-0.00077,-0.00055,0.000618,0.000044,-0.00004,-0.00017,2.166E-6,-0.00002,2.846E-6,-0.00033,-0.00042,-0.00010,0,-0.00014,-0.00029,-0.00005,-0.00039,-0.00039,0.000151,0.000285,0.000056,0.000327,0.000367,-0.00035,7.881E-7,-5.8E-7,2.477E-6,-7.13E-7,-1.53E-6,-4.99E-7,-6E-6,1.527E-6,-1.55E-6,-0.00006,-5.53E-7,4.068E-6,-1.67E-6,-5.1E-6,4.276E-6,2.505E-6,6.048E-7,9.935E-7,8.802E-6,4.515E-7,-1.57E-6
9,"UN(4,3)",0.000020,0.000086,0.000242,0.000130,0.000399,0.000253,0.000157,0.000363,0.001018,0.000087,0.000079,0.000177,0.000380,0.000165,0.000095,-0.00018,-0.00046,-0.00055,-0.00086,-0.00035,0.000718,9.714E-6,-5.83E-6,-0.00004,0.000022,-0.00006,6.206E-6,-0.00008,-0.00011,-0.00032,0,-0.00004,-0.00005,-0.00017,-8.23E-8,6.527E-7,0.000032,0.000088,0.000166,0.000162,0.000086,-0.00017,1.016E-6,-1.07E-6,1.383E-6,-4.17E-7,1.838E-7,-2.68E-6,-9.02E-7,3.407E-6,-7.76E-6,3.086E-6,-1.29E-6,1.68E-6,1.053E-6,3.316E-6,5.305E-7,1.517E-6,-2.71E-6,3.453E-6,-5.55E-6,-3.79E-6,2.492E-6
10,"UN(4,4)",0.000021,0.000042,0.000102,0.000020,0.000040,0.000017,0.000105,0.000266,0.000087,0.000713,0.000031,0.000085,0.000027,0.000235,0.000077,-0.00004,-0.00011,-0.00004,-0.00029,-0.00009,0.000117,-1.41E-6,-2.06E-7,-8.75E-7,-8.51E-7,5.042E-6,3.915E-6,-7.05E-6,-5.39E-6,0.000030,0,-3.89E-7,-5.6E-6,7.961E-6,-0.00003,-0.00002,8.504E-7,4.096E-6,-0.00001,0.000016,0.000016,-0.00001,-6.57E-7,4.239E-7,-4.33E-7,9.999E-8,-2.44E-7,-3.89E-7,-6.83E-6,1.297E-6,-0.00001,-0.00028,-2.39E-7,-1.57E-7,-1.76E-6,-0.00002,-1.4E-6,6.61E-7,2.361E-7,2.444E-6,0.000049,4.35E-6,-9.08E-6
11,"UN(5,1)",0.002060,0.001870,0.001174,0.000442,0.000299,0.000073,0.000430,0.000230,0.000079,0.000031,0.002225,0.001379,0.000339,0.000250,0.001639,-0.00199,-0.00141,-0.00036,-0.00029,-0.00166,0.001633,-0.00162,-0.00126,-0.00087,-0.00010,-0.00010,0.000012,-0.00028,-0.00014,-0.00004,0,-0.00178,-0.00119,-0.00015,-0.00016,-0.00163,0.001395,0.000979,0.000112,0.000175,0.001350,-0.00112,-0.00002,7.554E-7,1.558E-6,6.151E-6,2.746E-6,1.885E-7,-2E-6,1.129E-6,-7.91E-7,0.000010,-6.01E-6,2.634E-6,1.732E-7,4.466E-6,7.121E-6,4.651E-6,-1.46E-7,-3.39E-6,-1.31E-6,1.667E-6,4.874E-7
12,"UN(5,2)",0.000880,0.001359,0.002176,0.000404,0.000708,0.000250,0.000322,0.000517,0.000177,0.000085,0.001379,0.002194,0.000705,0.000490,0.002170,-0.00124,-0.00200,-0.00066,-0.00046,-0.00199,0.001825,-0.00084,-0.00097,-0.00113,-0.00013,-0.00013,0.000016,-0.00024,-0.00029,-0.00005,0,-0.00117,-0.00140,-0.00020,-0.00030,-0.00163,0.000901,0.001053,0.000139,0.000234,0.001251,-0.00097,-0.00001,-7.48E-6,0.000017,1.251E-6,7.961E-6,-1.13E-6,-3.95E-6,-3.01E-6,-1.54E-7,-0.00003,-0.00001,9.562E-6,5.204E-6,-6.15E-6,3.857E-6,5.436E-6,-6.05E-6,-3.13E-6,4.951E-6,-2.79E-6,3.95E-6
13,"UN(5,3)",0.000267,0.000482,0.000901,0.000934,0.001467,0.000734,0.000092,0.000180,0.000380,0.000027,0.000339,0.000705,0.001606,0.000109,0.000403,-0.00089,-0.00154,-0.00160,-0.00034,-0.00142,0.002080,-0.00019,-0.00023,-0.00027,-0.00040,-0.00042,-4.28E-6,-0.00005,-0.00006,-0.00016,0,-0.00014,-0.00019,-0.00064,-5.85E-6,0.000027,0.000295,0.000345,0.000442,0.000089,0.000301,-0.00043,-5.38E-6,2.953E-9,8.752E-6,-0.00001,-1.09E-6,0.000018,-5.11E-7,3.084E-6,-5.73E-6,-2.85E-6,1.904E-7,7.559E-6,-0.00001,3.659E-6,9.354E-6,2.186E-6,-0.00001,2.696E-6,-3.46E-7,-0.00001,7.786E-6
14,"UN(5,4)",0.000047,0.000203,0.000429,0.000061,0.000121,0.000052,0.000520,0.000708,0.000165,0.000235,0.000250,0.000490,0.000109,0.000832,0.000606,-0.00027,-0.00049,-0.00012,-0.00066,-0.00058,0.000541,0.000056,-0.00006,-0.00015,-8.46E-6,9.149E-7,5.858E-6,-0.00042,-0.00039,2.022E-6,0,-0.00017,-0.00030,-3.7E-6,-0.00057,-0.00055,0.000192,0.000276,5.276E-6,0.000363,0.000467,-0.00038,8.997E-7,-7.1E-7,2.127E-6,-1.08E-6,-1.03E-6,1.565E-7,-0.00001,4.103E-6,3.876E-6,-0.00015,-7.8E-7,3.807E-6,-1.56E-6,-0.00002,3.775E-6,3.492E-6,-4.65E-7,-1.18E-6,0.000025,3.702E-6,-4.66E-6
15,"UN(5,5)",0.000995,0.001301,0.001792,0.000223,0.000392,0.000132,0.000395,0.000499,0.000095,0.000077,0.001639,0.002170,0.000403,0.000606,0.002709,-0.00128,-0.00172,-0.00036,-0.00046,-0.00209,0.001656,-0.00104,-0.00106,-0.00109,5.917E-6,6.31E-6,0.000030,-0.00040,-0.00038,2.815E-6,0,-0.00159,-0.00164,-1.07E-8,-0.00054,-0.00244,0.001115,0.001131,-6.54E-7,0.000352,0.001673,-0.00116,-0.00001,-6.78E-6,0.000018,6.636E-6,9.772E-6,-0.00001,-6.92E-6,-2.56E-6,3.321E-6,-0.00007,-0.00002,0.000013,0.000019,-0.00001,-3.78E-6,7.09E-6,-6.37E-6,-7.87E-6,0.000012,1.552E-6,1.475E-6
16,"UN(6,1)",-0.00267,-0.00208,-0.00123,-0.00195,-0.00087,-0.00046,-0.00052,-0.00027,-0.00018,-0.00004,-0.00199,-0.00124,-0.00089,-0.00027,-0.00128,0.004120,0.002228,0.001461,0.000443,0.002269,-0.00389,0.001621,0.001137,0.000744,0.000387,0.000237,0.000064,0.000298,0.000149,0.000032,0,0.001409,0.000923,0.000301,0.000190,0.001141,-0.00197,-0.00121,-0.00037,-0.00017,-0.00150,0.001830,0.000017,-2.07E-6,-5.87E-6,5.848E-6,2.65E-6,-8.25E-7,3.662E-8,-1.72E-7,-7.08E-7,-0.00001,5.417E-7,-6.67E-6,2.884E-6,-2.61E-6,-7.88E-6,-3.61E-7,3.643E-6,-3.3E-6,4.218E-6,7.975E-6,2.043E-6
17,"UN(6,2)",-0.00111,-0.00163,-0.00236,-0.00109,-0.00193,-0.00132,-0.00040,-0.00059,-0.00046,-0.00011,-0.00141,-0.00200,-0.00154,-0.00049,-0.00172,0.002228,0.003616,0.002392,0.000833,0.002995,-0.00456,0.000833,0.000912,0.000962,0.000273,0.000299,0.000076,0.000254,0.000283,0.000081,0,0.000979,0.001059,0.000329,0.000273,0.001135,-0.00119,-0.00137,-0.00039,-0.00030,-0.00142,0.001602,0.000011,3.38E-6,-0.00001,5.984E-6,2.24E-6,5.342E-7,3.526E-6,-9.22E-7,1.637E-6,0.000030,4.927E-6,-0.00001,3.163E-6,3.03E-6,-8.19E-6,-6.62E-6,0.000018,-1.38E-6,-4.92E-6,0.000012,-0.00001
18,"UN(6,3)",-0.00035,-0.00061,-0.00101,-0.00147,-0.00216,-0.00384,-0.00012,-0.00023,-0.00055,-0.00004,-0.00036,-0.00066,-0.00160,-0.00012,-0.00036,0.001461,0.002392,0.004984,0.000535,0.001562,-0.00561,0.000190,0.000213,0.000229,0.000442,0.000404,0.000278,0.000047,0.000058,0.000162,0,0.000097,0.000136,0.000442,6.469E-6,-0.00001,-0.00036,-0.00040,-0.00079,-0.00009,-0.00020,0.000703,6.999E-6,5.258E-7,-8.64E-6,9.325E-6,-2.43E-6,0.000011,1.363E-6,-1.83E-6,1.299E-6,2.438E-6,7.706E-7,-5.72E-6,-1.53E-6,-1E-6,-3.37E-6,-4.26E-6,0.000013,-5.81E-7,3.562E-6,8.538E-6,-0.00003
19,"UN(6,4)",-0.00009,-0.00027,-0.00048,-0.00017,-0.00039,-0.00024,-0.00066,-0.00077,-0.00086,-0.00029,-0.00029,-0.00046,-0.00034,-0.00066,-0.00046,0.000443,0.000833,0.000535,0.001591,0.000823,-0.00133,-0.00006,0.000060,0.000129,-3.18E-6,0.000028,-0.00002,0.000418,0.000330,0.000136,0,0.000182,0.000239,0.000084,0.000373,0.000364,-0.00018,-0.00030,-0.00008,-0.00065,-0.00052,0.000681,-1.09E-6,9.878E-7,-1.57E-6,1.436E-6,6.123E-7,8.552E-7,7.355E-6,-3.41E-6,8.479E-6,0.000142,9.799E-7,-2.78E-6,1.578E-6,0.000012,-2.27E-6,-2.75E-6,2.474E-6,-3.95E-6,-0.00002,2.404E-6,4.808E-6
20,"UN(6,5)",-0.00123,-0.00151,-0.00191,-0.00089,-0.00135,-0.00067,-0.00047,-0.00055,-0.00035,-0.00009,-0.00166,-0.00199,-0.00142,-0.00058,-0.00209,0.002269,0.002995,0.001562,0.000823,0.003268,-0.00396,0.001032,0.000979,0.000923,0.000176,0.000179,-0.00002,0.000418,0.000363,0.000076,0,0.001351,0.001260,0.000290,0.000461,0.001681,-0.00148,-0.00143,-0.00021,-0.00051,-0.00199,0.001959,0.000014,2.519E-6,-0.00001,3.821E-6,-1.11E-6,-6.03E-6,5.997E-6,-1.7E-6,2.26E-6,0.000071,8.253E-6,-0.00001,2.572E-6,8.329E-6,-7.69E-6,-0.00001,0.000019,6.118E-6,-0.00001,0.000011,-7.39E-6
21,"UN(6,6)",0.001588,0.001788,0.002089,0.002041,0.002550,0.003418,0.000572,0.000618,0.000718,0.000117,0.001633,0.001825,0.002080,0.000541,0.001656,-0.00389,-0.00456,-0.00561,-0.00133,-0.00396,0.009939,-0.00104,-0.00091,-0.00079,-0.00037,-0.00031,-0.00009,-0.00043,-0.00034,-0.00016,0,-0.00113,-0.00098,-0.00042,-0.00038,-0.00117,0.001845,0.001610,0.000663,0.000670,0.001969,-0.00327,-0.00002,-1.01E-6,0.000014,-9.73E-6,-6.04E-7,-4.32E-6,-5.52E-6,2.731E-6,-4.24E-6,-0.00007,-4.17E-6,0.000012,-3.05E-6,-6.55E-6,8.54E-6,0.000010,-0.00002,4.442E-6,9.397E-6,-0.00002,0.000041
22,"UN(1,1)",-0.00255,-0.00131,-0.00067,-0.00030,-0.00015,-0.00003,0.000083,0.000044,9.714E-6,-1.41E-6,-0.00162,-0.00084,-0.00019,0.000056,-0.00104,0.001621,0.000833,0.000190,-0.00006,0.001032,-0.00104,0.004964,0.002572,0.001344,0.000592,0.000312,0.000070,-0.00018,-0.00009,-0.00002,0,0.003199,0.001672,0.000388,-0.00012,0.002079,-0.00312,-0.00163,-0.00038,0.000113,-0.00202,0.001978,-0.00027,-0.00009,-0.00003,0.000020,7.906E-6,-2.56E-6,-0.00001,-3.78E-6,1.046E-6,1.803E-6,-0.00010,-0.00003,8.195E-6,-3.55E-6,-0.00004,0.000062,0.000020,-4.93E-6,1.978E-6,0.000023,-0.00001
23,"UN(2,1)",-0.00133,-0.00121,-0.00088,-0.00028,-0.00021,-0.00004,-0.00010,-0.00004,-5.83E-6,-2.06E-7,-0.00126,-0.00097,-0.00023,-0.00006,-0.00106,0.001137,0.000912,0.000213,0.000060,0.000979,-0.00091,0.002572,0.002388,0.001761,0.000571,0.000418,0.000096,0.000196,0.000066,0.000014,0,0.002472,0.001941,0.000463,0.000105,0.002100,-0.00220,-0.00178,-0.00043,-0.00011,-0.00191,0.001745,-0.00009,-0.00021,-0.00014,0.000017,0.000021,-3.06E-6,2.292E-6,-5.93E-6,2.333E-8,-6.56E-6,-0.00016,-0.00012,0.000017,-4.82E-6,-0.00010,0.000064,0.000066,-7.56E-6,1.521E-6,0.000054,-0.00003
24,"UN(2,2)",-0.00070,-0.00090,-0.00116,-0.00022,-0.00028,-0.00006,-0.00013,-0.00017,-0.00004,-8.75E-7,-0.00087,-0.00113,-0.00027,-0.00015,-0.00109,0.000744,0.000962,0.000229,0.000129,0.000923,-0.00079,0.001344,0.001761,0.002394,0.000434,0.000570,0.000133,0.000253,0.000328,0.000078,0,0.001686,0.002278,0.000544,0.000298,0.002161,-0.00143,-0.00190,-0.00046,-0.00025,-0.00181,0.001530,-0.00003,-0.00013,-0.00059,0.000012,0.000041,-3.89E-6,5.558E-6,0.000014,-8.09E-7,0.000021,-0.00009,-0.00042,0.000030,0.000012,-0.00030,0.000034,0.000161,-9.98E-6,-6.73E-6,0.000114,-0.00005
25,"UN(3,1)",-0.00032,-0.00028,-0.00021,-0.00067,-0.00035,-0.00016,2.08E-8,2.166E-6,0.000022,-8.51E-7,-0.00010,-0.00013,-0.00040,-8.46E-6,5.917E-6,0.000387,0.000273,0.000442,-3.18E-6,0.000176,-0.00037,0.000592,0.000571,0.000434,0.001326,0.000708,0.000304,0.000050,0.000019,-0.00004,0,0.000196,0.000275,0.000820,0.000045,0.000013,-0.00078,-0.00057,-0.00087,-0.00002,-0.00039,0.000744,0.000026,0.000016,9.322E-6,-0.00016,-0.00006,0.000025,-5.04E-6,-9.86E-7,-6.34E-6,-2.84E-6,0.000064,0.000026,-0.00006,7.164E-7,0.000044,0.000047,0.000014,0.000034,3.505E-6,3.373E-6,-0.00002
26,"UN(3,2)",-0.00017,-0.00021,-0.00027,-0.00036,-0.00046,-0.00021,-0.00002,-0.00002,-0.00006,5.042E-6,-0.00010,-0.00013,-0.00042,9.149E-7,6.31E-6,0.000237,0.000299,0.000404,0.000028,0.000179,-0.00031,0.000312,0.000418,0.000570,0.000708,0.000963,0.000433,0.000062,0.000079,0.000135,0,0.000197,0.000272,0.000850,0.000034,-1.25E-6,-0.00047,-0.00064,-0.00081,-0.00009,-0.00039,0.000657,0.000010,0.000023,0.000037,-0.00005,-0.00024,0.000033,-1.68E-6,-8.29E-6,6.786E-6,4.072E-6,0.000034,0.000101,-0.00018,-7.24E-6,0.000126,0.000011,0.000071,0.000059,-1.97E-7,0.000030,-0.00004
27,"UN(3,3)",-0.00004,-0.00005,-0.00006,-0.00017,-0.00021,-0.00065,7.065E-8,2.846E-6,6.206E-6,3.915E-6,0.000012,0.000016,-4.28E-6,5.858E-6,0.000030,0.000064,0.000076,0.000278,-0.00002,-0.00002,-0.00009,0.000070,0.000096,0.000133,0.000304,0.000433,0.001341,9.634E-6,0.000014,0.000058,0,-8.2E-6,-0.00001,6.706E-6,-9.62E-6,-0.00003,-0.00013,-0.00018,-0.00061,-0.00001,0.000024,0.000247,-1.05E-6,-1.66E-6,-4.66E-6,0.000029,0.000030,-0.00038,1.12E-6,1.274E-6,-0.00001,-7.77E-7,-0.00001,-0.00001,0.000143,4.673E-6,-0.00005,-9.48E-6,-8.45E-6,0.000120,4.159E-6,-0.00004,-0.00004
28,"UN(4,1)",0.000098,-0.00010,-0.00013,-5.44E-8,-0.00002,4.127E-6,-0.00064,-0.00033,-0.00008,-7.05E-6,-0.00028,-0.00024,-0.00005,-0.00042,-0.00040,0.000298,0.000254,0.000047,0.000418,0.000418,-0.00043,-0.00018,0.000196,0.000253,0.000050,0.000062,9.634E-6,0.001257,0.000650,0.000152,0,0.000525,0.000463,0.000117,0.000820,0.000761,-0.00058,-0.00049,-0.00012,-0.00080,-0.00080,0.000828,-7.74E-6,-2.89E-6,1.992E-7,-5.46E-6,-2.14E-6,4.715E-7,-0.00019,-0.00007,0.000014,-0.00005,-0.00002,-6.94E-6,-2.65E-7,-0.00007,-0.00002,0.000032,0.000011,-7.17E-7,0.000053,0.000017,-0.00002
29,"UN(4,2)",0.000054,-0.00004,-0.00017,3.51E-6,-0.00002,2.339E-6,-0.00034,-0.00042,-0.00011,-5.39E-6,-0.00014,-0.00029,-0.00006,-0.00039,-0.00038,0.000149,0.000283,0.000058,0.000330,0.000363,-0.00034,-0.00009,0.000066,0.000328,0.000019,0.000079,0.000014,0.000650,0.000860,0.000206,0,0.000250,0.000545,0.000136,0.000785,0.000719,-0.00029,-0.00055,-0.00014,-0.00064,-0.00069,0.000656,-3.25E-6,-6.41E-6,-1.97E-6,-8.57E-7,-9.33E-6,1.405E-6,-0.00006,-0.00029,0.000024,0.000124,-0.00001,-0.00003,-3.95E-6,-0.00019,-0.00004,0.000010,0.000048,-1.16E-6,0.000058,0.000040,-0.00002
30,"UN(4,3)",0.000016,-6.44E-6,-0.00004,0.000025,-0.00006,5.147E-6,-0.00009,-0.00010,-0.00032,0.000030,-0.00004,-0.00005,-0.00016,2.022E-6,2.815E-6,0.000032,0.000081,0.000162,0.000136,0.000076,-0.00016,-0.00002,0.000014,0.000078,-0.00004,0.000135,0.000058,0.000152,0.000206,0.000656,0,0.000074,0.000094,0.000303,-2.75E-6,-2.4E-6,-0.00006,-0.00016,-0.00034,-0.00030,-0.00014,0.000310,6.503E-7,1.29E-6,-1.45E-6,-4.47E-6,-5.97E-8,-0.00002,0.000018,0.000019,-0.00023,0.000013,4.866E-6,8.677E-7,-0.00002,0.000089,0.000017,-2.43E-6,-1.37E-6,0.000040,0.000069,-5.99E-6,-0.00002
31,"UN(4,4)",0,0,0,0,0,0,0,0,0,0,0,0,0,0,0,0,0,0,0,0,0,0,0,0,0,0,0,0,0,0,0,0,0,0,0,0,0,0,0,0,0,0,0,0,0,0,0,0,0,0,0,0,0,0,0,0,0,0,0,0,0,0,0
32,"UN(5,1)",-0.00166,-0.00126,-0.00085,-0.00008,-0.00009,0.000018,-0.00029,-0.00014,-0.00004,-3.89E-7,-0.00178,-0.00117,-0.00014,-0.00017,-0.00159,0.001409,0.000979,0.000097,0.000182,0.001351,-0.00113,0.003199,0.002472,0.001686,0.000196,0.000197,-8.2E-6,0.000525,0.000250,0.000074,0,0.003480,0.002308,0.000298,0.000304,0.003131,-0.00269,-0.00189,-0.00021,-0.00033,-0.00260,0.002121,-0.00009,-0.00016,-0.00010,0.000058,0.000032,-0.00001,-0.00002,-0.00001,3.221E-6,-0.00002,-0.00022,-0.00012,0.000037,-0.00002,-0.00015,0.000066,0.000054,-0.00002,7.73E-6,0.000069,-0.00003
33,"UN(5,2)",-0.00087,-0.00100,-0.00112,-0.00013,-0.00012,0.000016,-0.00025,-0.00029,-0.00005,-5.6E-6,-0.00119,-0.00140,-0.00019,-0.00030,-0.00164,0.000923,0.001059,0.000136,0.000239,0.001260,-0.00098,0.001672,0.001941,0.002278,0.000275,0.000272,-0.00001,0.000463,0.000545,0.000094,0,0.002308,0.002779,0.000409,0.000571,0.003212,-0.00176,-0.00206,-0.00028,-0.00044,-0.00243,0.001846,-0.00003,-0.00012,-0.00043,0.000026,0.000098,-0.00001,9.736E-8,-0.00002,1.822E-7,0.000053,-0.00011,-0.00045,0.000081,-2.41E-6,-0.00043,0.000034,0.000144,-0.00003,-4.21E-6,0.000141,-0.00005
34,"UN(5,3)",-0.00020,-0.00024,-0.00026,-0.00042,-0.00041,0.000018,-0.00005,-0.00005,-0.00017,7.961E-6,-0.00015,-0.00020,-0.00064,-3.7E-6,-1.07E-8,0.000301,0.000329,0.000442,0.000084,0.000290,-0.00042,0.000388,0.000463,0.000544,0.000820,0.000850,6.706E-6,0.000117,0.000136,0.000303,0,0.000298,0.000409,0.001266,0.000056,0.000011,-0.00059,-0.00068,-0.00086,-0.00018,-0.00060,0.000824,0.000010,0.000018,0.000026,-0.00006,-0.00018,0.000133,1.837E-7,-4.66E-6,-0.00001,0.000012,0.000039,0.000083,-0.00027,-2.08E-7,0.000180,0.000010,0.000051,0.000047,5.345E-6,0.000051,-0.00004
35,"UN(5,4)",0.000066,-0.00005,-0.00015,-8E-6,-1.54E-6,4.671E-6,-0.00043,-0.00039,-8.23E-8,-0.00003,-0.00016,-0.00030,-5.85E-6,-0.00057,-0.00054,0.000190,0.000273,6.469E-6,0.000373,0.000461,-0.00038,-0.00012,0.000105,0.000298,0.000045,0.000034,-9.62E-6,0.000820,0.000785,-2.75E-6,0,0.000304,0.000571,0.000056,0.001114,0.001013,-0.00037,-0.00053,-0.00004,-0.00070,-0.00088,0.000711,-2.78E-6,-4.62E-6,-1.72E-6,8.147E-7,-6.87E-6,5.92E-6,-0.00006,-0.00021,0.000088,0.000217,-0.00001,-0.00002,-5.35E-7,-0.00027,-0.00006,0.000010,0.000035,-0.00001,0.000043,0.000052,-0.00002
36,"UN(5,5)",-0.00108,-0.00108,-0.00108,0.000018,0.000019,0.000015,-0.00041,-0.00039,6.527E-7,-0.00002,-0.00163,-0.00163,0.000027,-0.00055,-0.00244,0.001141,0.001135,-0.00001,0.000364,0.001681,-0.00117,0.002079,0.002100,0.002161,0.000013,-1.25E-6,-0.00003,0.000761,0.000719,-2.4E-6,0,0.003131,0.003212,0.000011,0.001013,0.004753,-0.00216,-0.00218,-0.00001,-0.00065,-0.00320,0.002186,-0.00003,-0.00010,-0.00031,0.000039,0.000120,-0.00005,-4.12E-6,-0.00003,0.000013,0.000116,-0.00013,-0.00044,0.000168,-0.00003,-0.00060,0.000035,0.000125,-0.00005,-7.06E-6,0.000169,-0.00005
37,"UN(6,1)",0.001615,0.001125,0.000726,0.000395,0.000233,0.000057,0.000306,0.000151,0.000032,8.504E-7,0.001395,0.000901,0.000295,0.000192,0.001115,-0.00197,-0.00119,-0.00036,-0.00018,-0.00148,0.001845,-0.00312,-0.00220,-0.00143,-0.00078,-0.00047,-0.00013,-0.00058,-0.00029,-0.00006,0,-0.00269,-0.00176,-0.00059,-0.00037,-0.00216,0.003771,0.002306,0.000705,0.000326,0.002845,-0.00349,0.000061,0.000069,0.000040,0.000047,0.000011,-6.5E-6,0.000030,0.000012,2.005E-7,0.000021,0.000070,0.000042,0.000011,0.000015,0.000045,-0.00022,-0.00009,5.412E-6,-0.00002,-0.00009,0.000100
38,"UN(6,2)",0.000847,0.000910,0.000955,0.000290,0.000317,0.000083,0.000260,0.000285,0.000088,4.096E-6,0.000979,0.001053,0.000345,0.000276,0.001131,-0.00121,-0.00137,-0.00040,-0.00030,-0.00143,0.001610,-0.00163,-0.00178,-0.00190,-0.00057,-0.00064,-0.00018,-0.00049,-0.00055,-0.00016,0,-0.00189,-0.00206,-0.00068,-0.00053,-0.00218,0.002306,0.002690,0.000795,0.000573,0.002747,-0.00308,0.000017,0.000067,0.000171,0.000011,0.000068,-9.57E-6,5.346E-6,0.000041,-6.54E-6,-0.00006,0.000052,0.000150,0.000045,0.000022,0.000127,-0.00008,-0.00034,2.173E-6,5.27E-6,-0.00025,0.000172
39,"UN(6,3)",0.000204,0.000220,0.000224,0.000439,0.000401,0.000300,0.000053,0.000056,0.000166,-0.00001,0.000112,0.000139,0.000442,5.276E-6,-6.54E-7,-0.00037,-0.00039,-0.00079,-0.00008,-0.00021,0.000663,-0.00038,-0.00043,-0.00046,-0.00087,-0.00081,-0.00061,-0.00012,-0.00014,-0.00034,0,-0.00021,-0.00028,-0.00086,-0.00004,-0.00001,0.000705,0.000795,0.001576,0.000213,0.000416,-0.00135,-8.41E-6,-8.86E-6,-7.85E-6,0.000033,0.000064,0.000119,-2.22E-6,-1.5E-7,0.000035,-0.00001,-0.00002,-0.00003,0.000048,-0.00001,-0.00005,8.734E-6,-3.33E-6,-0.00027,-0.00002,0.000072,0.000160
40,"UN(6,4)",-0.00007,0.000058,0.000130,-5.17E-6,0.000033,-0.00001,0.000403,0.000327,0.000162,0.000016,0.000175,0.000234,0.000089,0.000363,0.000352,-0.00017,-0.00030,-0.00009,-0.00065,-0.00051,0.000670,0.000113,-0.00011,-0.00025,-0.00002,-0.00009,-0.00001,-0.00080,-0.00064,-0.00030,0,-0.00033,-0.00044,-0.00018,-0.00070,-0.00065,0.000326,0.000573,0.000213,0.001267,0.000942,-0.00128,1.425E-6,1.473E-6,1.746E-6,2.015E-6,3.131E-6,4.799E-6,0.000040,0.000082,0.000063,-0.00019,5.518E-6,9.901E-6,9.089E-6,0.000061,0.000016,-0.00001,-0.00002,-0.00002,-0.00027,-0.00004,0.000093
41,"UN(6,5)",0.001050,0.000983,0.000916,0.000192,0.000189,-0.00003,0.000426,0.000367,0.000086,0.000016,0.001350,0.001251,0.000301,0.000467,0.001673,-0.00150,-0.00142,-0.00020,-0.00052,-0.00199,0.001969,-0.00202,-0.00191,-0.00181,-0.00039,-0.00039,0.000024,-0.00080,-0.00069,-0.00014,0,-0.00260,-0.00243,-0.00060,-0.00088,-0.00320,0.002845,0.002747,0.000416,0.000942,0.003797,-0.00369,0.000017,0.000054,0.000126,6.907E-7,0.000030,-0.00004,7.902E-6,0.000038,-0.00001,-0.00012,0.000066,0.000153,0.000049,0.000036,0.000179,-0.00008,-0.00026,0.000067,-0.00001,-0.00034,0.000179
42,"UN(6,6)",-0.00104,-0.00091,-0.00079,-0.00038,-0.00033,-0.00012,-0.00044,-0.00035,-0.00017,-0.00001,-0.00112,-0.00097,-0.00043,-0.00038,-0.00116,0.001830,0.001602,0.000703,0.000681,0.001959,-0.00327,0.001978,0.001745,0.001530,0.000744,0.000657,0.000247,0.000828,0.000656,0.000310,0,0.002121,0.001846,0.000824,0.000711,0.002186,-0.00349,-0.00308,-0.00135,-0.00128,-0.00369,0.006184,-9.35E-6,-0.00003,-0.00005,-0.00002,-0.00004,-0.00004,-8.64E-6,-0.00003,-0.00002,0.000130,-0.00003,-0.00005,-0.00004,-0.00001,-0.00005,0.000098,0.000186,0.000156,0.000067,0.000189,-0.00067
43,"UN(1,1)",-0.00001,-0.00001,-8.69E-6,-8.98E-6,-4.63E-6,-2.75E-6,9.204E-7,7.881E-7,1.016E-6,-6.57E-7,-0.00002,-0.00001,-5.38E-6,8.997E-7,-0.00001,0.000017,0.000011,6.999E-6,-1.09E-6,0.000014,-0.00002,-0.00027,-0.00009,-0.00003,0.000026,0.000010,-1.05E-6,-7.74E-6,-3.25E-6,6.503E-7,0,-0.00009,-0.00003,0.000010,-2.78E-6,-0.00003,0.000061,0.000017,-8.41E-6,1.425E-6,0.000017,-9.35E-6,0.001476,0.000558,0.000211,-0.00011,-0.00004,9.064E-6,0.000085,0.000033,-6.65E-6,4.964E-6,0.000561,0.000212,-0.00004,0.000033,0.000213,-0.00038,-0.00014,0.000030,-0.00002,-0.00014,0.000095
44,"UN(2,1)",-4.58E-6,-1.59E-6,-6.63E-6,3.562E-6,-3.6E-7,-1.74E-6,6.599E-8,-5.8E-7,-1.07E-6,4.239E-7,7.554E-7,-7.48E-6,2.953E-9,-7.1E-7,-6.78E-6,-2.07E-6,3.38E-6,5.258E-7,9.878E-7,2.519E-6,-1.01E-6,-0.00009,-0.00021,-0.00013,0.000016,0.000023,-1.66E-6,-2.89E-6,-6.41E-6,1.29E-6,0,-0.00016,-0.00012,0.000018,-4.62E-6,-0.00010,0.000069,0.000067,-8.86E-6,1.473E-6,0.000054,-0.00003,0.000558,0.001212,0.000840,-0.00012,-0.00012,0.000015,-2.63E-6,0.000057,-4.33E-6,-2.06E-6,0.000897,0.000721,-0.00010,0.000039,0.000602,-0.00036,-0.00039,0.000048,-0.00001,-0.00031,0.000147
45,"UN(2,2)",7.171E-7,-2.01E-6,0.000013,6.426E-6,9.85E-6,4.144E-6,5.727E-7,2.477E-6,1.383E-6,-4.33E-7,1.558E-6,0.000017,8.752E-6,2.127E-6,0.000018,-5.87E-6,-0.00001,-8.64E-6,-1.57E-6,-0.00001,0.000014,-0.00003,-0.00014,-0.00059,9.322E-6,0.000037,-4.66E-6,1.992E-7,-1.97E-6,-1.45E-6,0,-0.00010,-0.00043,0.000026,-1.72E-6,-0.00031,0.000040,0.000171,-7.85E-6,1.746E-6,0.000126,-0.00005,0.000211,0.000840,0.003322,-0.00008,-0.00029,0.000027,-0.00002,-0.00006,5.376E-6,6.228E-7,0.000600,0.002374,-0.00021,-0.00004,0.001697,-0.00022,-0.00086,0.000075,0.000015,-0.00062,0.000225
46,"UN(3,1)",-9.96E-7,-1.53E-6,-2.27E-6,-0.00001,-8.6E-6,-4.33E-6,-1.71E-6,-7.13E-7,-4.17E-7,9.999E-8,6.151E-6,1.251E-6,-0.00001,-1.08E-6,6.636E-6,5.848E-6,5.984E-6,9.325E-6,1.436E-6,3.821E-6,-9.73E-6,0.000020,0.000017,0.000012,-0.00016,-0.00005,0.000029,-5.46E-6,-8.57E-7,-4.47E-6,0,0.000058,0.000026,-0.00006,8.147E-7,0.000039,0.000047,0.000011,0.000033,2.015E-6,6.907E-7,-0.00002,-0.00011,-0.00012,-0.00008,0.000920,0.000355,-0.00014,0.000026,5.139E-6,0.000051,3.197E-6,-0.00038,-0.00018,0.000376,-9.94E-6,-0.00027,-0.00026,-0.00008,-0.00021,-0.00002,-0.00001,0.000142
47,"UN(3,2)",-4.35E-7,-1.79E-7,7.221E-7,-4.6E-6,-3.86E-6,7.121E-6,-5.53E-7,-1.53E-6,1.838E-7,-2.44E-7,2.746E-6,7.961E-6,-1.09E-6,-1.03E-6,9.772E-6,2.65E-6,2.24E-6,-2.43E-6,6.123E-7,-1.11E-6,-6.04E-7,7.906E-6,0.000021,0.000041,-0.00006,-0.00024,0.000030,-2.14E-6,-9.33E-6,-5.97E-8,0,0.000032,0.000098,-0.00018,-6.87E-6,0.000120,0.000011,0.000068,0.000064,3.131E-6,0.000030,-0.00004,-0.00004,-0.00012,-0.00029,0.000355,0.001387,-0.00024,0.000012,0.000046,-0.00003,-1.65E-6,-0.00020,-0.00065,0.001030,0.000040,-0.00077,-0.00008,-0.00038,-0.00032,-3.98E-6,-0.00016,0.000217
48,"UN(3,3)",6.442E-7,2.79E-7,-9.82E-7,-2.87E-7,-5.8E-7,-0.00003,4.532E-7,-4.99E-7,-2.68E-6,-3.89E-7,1.885E-7,-1.13E-6,0.000018,1.565E-7,-0.00001,-8.25E-7,5.342E-7,0.000011,8.552E-7,-6.03E-6,-4.32E-6,-2.56E-6,-3.06E-6,-3.89E-6,0.000025,0.000033,-0.00038,4.715E-7,1.405E-6,-0.00002,0,-0.00001,-0.00001,0.000133,5.92E-6,-0.00005,-6.5E-6,-9.57E-6,0.000119,4.799E-6,-0.00004,-0.00004,9.064E-6,0.000015,0.000027,-0.00014,-0.00024,0.002272,-4.45E-6,-7.68E-6,0.000072,2.039E-6,0.000056,0.000096,-0.00089,-0.00003,0.000352,0.000043,0.000074,-0.00069,-0.00002,0.000272,0.000210
49,"UN(4,1)",4.803E-6,7.941E-8,-2.11E-6,1.616E-6,-3.68E-7,-1.17E-6,-3.49E-6,-6E-6,-9.02E-7,-6.83E-6,-2E-6,-3.95E-6,-5.11E-7,-0.00001,-6.92E-6,3.662E-8,3.526E-6,1.363E-6,7.355E-6,5.997E-6,-5.52E-6,-0.00001,2.292E-6,5.558E-6,-5.04E-6,-1.68E-6,1.12E-6,-0.00019,-0.00006,0.000018,0,-0.00002,9.736E-8,1.837E-7,-0.00006,-4.12E-6,0.000030,5.346E-6,-2.22E-6,0.000040,7.902E-6,-8.64E-6,0.000085,-2.63E-6,-0.00002,0.000026,0.000012,-4.45E-6,0.001116,0.000422,-0.00009,0.000124,0.000118,0.000031,3.135E-6,0.000429,0.000077,-0.00019,-0.00006,6.644E-6,-0.00030,-0.00009,0.000092
50,"UN(4,2)",8.981E-7,2.671E-6,-1.27E-6,4.506E-8,2.834E-6,-4.56E-7,-3.54E-6,1.527E-6,3.407E-6,1.297E-6,1.129E-6,-3.01E-6,3.084E-6,4.103E-6,-2.56E-6,-1.72E-7,-9.22E-7,-1.83E-6,-3.41E-6,-1.7E-6,2.731E-6,-3.78E-6,-5.93E-6,0.000014,-9.86E-7,-8.29E-6,1.274E-6,-0.00007,-0.00029,0.000019,0,-0.00001,-0.00002,-4.66E-6,-0.00021,-0.00003,0.000012,0.000041,-1.5E-7,0.000082,0.000038,-0.00003,0.000033,0.000057,-0.00006,5.139E-6,0.000046,-7.68E-6,0.000422,0.001674,-0.00015,-0.00006,0.000084,0.000131,0.000018,0.001193,0.000217,-0.00008,-0.00026,0.000013,-0.00043,-0.00023,0.000140
51,"UN(4,3)",-2.92E-7,1.173E-7,-4.23E-7,2.486E-6,-1.7E-6,3.923E-6,2.903E-7,-1.55E-6,-7.76E-6,-0.00001,-7.91E-7,-1.54E-7,-5.73E-6,3.876E-6,3.321E-6,-7.08E-7,1.637E-6,1.299E-6,8.479E-6,2.26E-6,-4.24E-6,1.046E-6,2.333E-8,-8.09E-7,-6.34E-6,6.786E-6,-0.00001,0.000014,0.000024,-0.00023,0,3.221E-6,1.822E-7,-0.00001,0.000088,0.000013,2.005E-7,-6.54E-6,0.000035,0.000063,-0.00001,-0.00002,-6.65E-6,-4.33E-6,5.376E-6,0.000051,-0.00003,0.000072,-0.00009,-0.00015,0.001384,0.000080,-0.00003,-4.01E-6,0.000112,-0.00054,-0.00010,-2.15E-6,0.000031,-0.00023,-0.00043,0.000050,0.000135
52,"UN(4,4)",-1.91E-6,4.261E-6,-0.00001,1.641E-6,3.56E-7,1.764E-6,0.000024,-0.00006,3.086E-6,-0.00028,0.000010,-0.00003,-2.85E-6,-0.00015,-0.00007,-0.00001,0.000030,2.438E-6,0.000142,0.000071,-0.00007,1.803E-6,-6.56E-6,0.000021,-2.84E-6,4.072E-6,-7.77E-7,-0.00005,0.000124,0.000013,0,-0.00002,0.000053,0.000012,0.000217,0.000116,0.000021,-0.00006,-0.00001,-0.00019,-0.00012,0.000130,4.964E-6,-2.06E-6,6.228E-7,3.197E-6,-1.65E-6,2.039E-6,0.000124,-0.00006,0.000080,0.003137,0.000011,-5.56E-6,7.352E-6,0.000281,0.000025,-0.00002,9.792E-6,-0.00001,-0.00051,-0.00005,0.000081
53,"UN(5,1)",1.03E-6,-2.02E-6,-6.32E-6,2.058E-6,-5.19E-9,-1.19E-6,1.515E-6,-5.53E-7,-1.29E-6,-2.39E-7,-6.01E-6,-0.00001,1.904E-7,-7.8E-7,-0.00002,5.417E-7,4.927E-6,7.706E-7,9.799E-7,8.253E-6,-4.17E-6,-0.00010,-0.00016,-0.00009,0.000064,0.000034,-0.00001,-0.00002,-0.00001,4.866E-6,0,-0.00022,-0.00011,0.000039,-0.00001,-0.00013,0.000070,0.000052,-0.00002,5.518E-6,0.000066,-0.00003,0.000561,0.000897,0.000600,-0.00038,-0.00020,0.000056,0.000118,0.000084,-0.00003,0.000011,0.001246,0.000734,-0.00023,0.000105,0.000868,-0.00039,-0.00032,0.000118,-0.00004,-0.00041,0.000163
54,"UN(5,2)",3.747E-6,3.701E-6,9.337E-6,6.095E-6,7.381E-6,7.391E-7,8.438E-7,4.068E-6,1.68E-6,-1.57E-7,2.634E-6,9.562E-6,7.559E-6,3.807E-6,0.000013,-6.67E-6,-0.00001,-5.72E-6,-2.78E-6,-0.00001,0.000012,-0.00003,-0.00012,-0.00042,0.000026,0.000101,-0.00001,-6.94E-6,-0.00003,8.677E-7,0,-0.00012,-0.00045,0.000083,-0.00002,-0.00044,0.000042,0.000150,-0.00003,9.901E-6,0.000153,-0.00005,0.000212,0.000721,0.002374,-0.00018,-0.00065,0.000096,0.000031,0.000131,-4.01E-6,-5.56E-6,0.000734,0.002559,-0.00054,0.000079,0.002445,-0.00023,-0.00079,0.000182,-0.00003,-0.00079,0.000249
55,"UN(5,3)",-1.88E-6,-1.41E-6,-4.06E-7,-8.54E-7,-3.94E-6,9.894E-6,-1.35E-6,-1.67E-6,1.053E-6,-1.76E-6,1.732E-7,5.204E-6,-0.00001,-1.56E-6,0.000019,2.884E-6,3.163E-6,-1.53E-6,1.578E-6,2.572E-6,-3.05E-6,8.195E-6,0.000017,0.000030,-0.00006,-0.00018,0.000143,-2.65E-7,-3.95E-6,-0.00002,0,0.000037,0.000081,-0.00027,-5.35E-7,0.000168,0.000011,0.000045,0.000048,9.089E-6,0.000049,-0.00004,-0.00004,-0.00010,-0.00021,0.000376,0.001030,-0.00089,3.135E-6,0.000018,0.000112,7.352E-6,-0.00023,-0.00054,0.001591,-4.89E-6,-0.00111,-0.00008,-0.00026,-0.00026,-0.00005,-0.00027,0.000241
56,"UN(5,4)",1.385E-6,2.393E-6,-2.45E-6,-8.64E-7,2.111E-6,-1.29E-6,4.109E-6,-5.1E-6,3.316E-6,-0.00002,4.466E-6,-6.15E-6,3.659E-6,-0.00002,-0.00001,-2.61E-6,3.03E-6,-1E-6,0.000012,8.329E-6,-6.55E-6,-3.55E-6,-4.82E-6,0.000012,7.164E-7,-7.24E-6,4.673E-6,-0.00007,-0.00019,0.000089,0,-0.00002,-2.41E-6,-2.08E-7,-0.00027,-0.00003,0.000015,0.000022,-0.00001,0.000061,0.000036,-0.00001,0.000033,0.000039,-0.00004,-9.94E-6,0.000040,-0.00003,0.000429,0.001193,-0.00054,0.000281,0.000105,0.000079,-4.89E-6,0.001735,0.000312,-0.00009,-0.00018,0.000076,-0.00050,-0.00032,0.000155
57,"UN(5,5)",7.132E-6,6.659E-6,6.477E-6,2.583E-6,5.341E-6,-1.86E-6,3.395E-6,4.276E-6,5.305E-7,-1.4E-6,7.121E-6,3.857E-6,9.354E-6,3.775E-6,-3.78E-6,-7.88E-6,-8.19E-6,-3.37E-6,-2.27E-6,-7.69E-6,8.54E-6,-0.00004,-0.00010,-0.00030,0.000044,0.000126,-0.00005,-0.00002,-0.00004,0.000017,0,-0.00015,-0.00043,0.000180,-0.00006,-0.00060,0.000045,0.000127,-0.00005,0.000016,0.000179,-0.00005,0.000213,0.000602,0.001697,-0.00027,-0.00077,0.000352,0.000077,0.000217,-0.00010,0.000025,0.000868,0.002445,-0.00111,0.000312,0.003525,-0.00024,-0.00068,0.000312,-0.00009,-0.00099,0.000276
58,"UN(6,1)",8.086E-6,2.665E-6,3.825E-6,-3.53E-6,1.675E-6,2.934E-6,2.869E-6,2.505E-6,1.517E-6,6.61E-7,4.651E-6,5.436E-6,2.186E-6,3.492E-6,7.09E-6,-3.61E-7,-6.62E-6,-4.26E-6,-2.75E-6,-0.00001,0.000010,0.000062,0.000064,0.000034,0.000047,0.000011,-9.48E-6,0.000032,0.000010,-2.43E-6,0,0.000066,0.000034,0.000010,0.000010,0.000035,-0.00022,-0.00008,8.734E-6,-0.00001,-0.00008,0.000098,-0.00038,-0.00036,-0.00022,-0.00026,-0.00008,0.000043,-0.00019,-0.00008,-2.15E-6,-0.00002,-0.00039,-0.00023,-0.00008,-0.00009,-0.00024,0.001237,0.000525,-0.00002,0.000115,0.000534,-0.00061
59,"UN(6,2)",7.123E-8,1.542E-6,-6.94E-6,-5.9E-6,-0.00001,-5.53E-6,4.314E-7,6.048E-7,-2.71E-6,2.361E-7,-1.46E-7,-6.05E-6,-0.00001,-4.65E-7,-6.37E-6,3.643E-6,0.000018,0.000013,2.474E-6,0.000019,-0.00002,0.000020,0.000066,0.000161,0.000014,0.000071,-8.45E-6,0.000011,0.000048,-1.37E-6,0,0.000054,0.000144,0.000051,0.000035,0.000125,-0.00009,-0.00034,-3.33E-6,-0.00002,-0.00026,0.000186,-0.00014,-0.00039,-0.00086,-0.00008,-0.00038,0.000074,-0.00006,-0.00026,0.000031,9.792E-6,-0.00032,-0.00079,-0.00026,-0.00018,-0.00068,0.000525,0.001898,-0.00005,0.000039,0.001401,-0.00093
60,"UN(6,3)",-1.9E-7,-1.3E-7,-1.48E-7,6.152E-6,1.502E-6,-7.35E-6,4.407E-7,9.935E-7,3.453E-6,2.444E-6,-3.39E-6,-3.13E-6,2.696E-6,-1.18E-6,-7.87E-6,-3.3E-6,-1.38E-6,-5.81E-7,-3.95E-6,6.118E-6,4.442E-6,-4.93E-6,-7.56E-6,-9.98E-6,0.000034,0.000059,0.000120,-7.17E-7,-1.16E-6,0.000040,0,-0.00002,-0.00003,0.000047,-0.00001,-0.00005,5.412E-6,2.173E-6,-0.00027,-0.00002,0.000067,0.000156,0.000030,0.000048,0.000075,-0.00021,-0.00032,-0.00069,6.644E-6,0.000013,-0.00023,-0.00001,0.000118,0.000182,-0.00026,0.000076,0.000312,-0.00002,-0.00005,0.001581,0.000114,-0.00046,-0.00090
61,"UN(6,4)",-2.24E-7,-1.2E-6,1.836E-6,-9.22E-7,-1.05E-6,-2.82E-6,1.652E-6,8.802E-6,-5.55E-6,0.000049,-1.31E-6,4.951E-6,-3.46E-7,0.000025,0.000012,4.218E-6,-4.92E-6,3.562E-6,-0.00002,-0.00001,9.397E-6,1.978E-6,1.521E-6,-6.73E-6,3.505E-6,-1.97E-7,4.159E-6,0.000053,0.000058,0.000069,0,7.73E-6,-4.21E-6,5.345E-6,0.000043,-7.06E-6,-0.00002,5.27E-6,-0.00002,-0.00027,-0.00001,0.000067,-0.00002,-0.00001,0.000015,-0.00002,-3.98E-6,-0.00002,-0.00030,-0.00043,-0.00043,-0.00051,-0.00004,-0.00003,-0.00005,-0.00050,-0.00009,0.000115,0.000039,0.000114,0.001836,0.000240,-0.00058
62,"UN(6,5)",-1.57E-6,-6.07E-7,-4.75E-6,-7.18E-6,-8.53E-6,-1.23E-6,-5.89E-7,4.515E-7,-3.79E-6,4.35E-6,1.667E-6,-2.79E-6,-0.00001,3.702E-6,1.552E-6,7.975E-6,0.000012,8.538E-6,2.404E-6,0.000011,-0.00002,0.000023,0.000054,0.000114,3.373E-6,0.000030,-0.00004,0.000017,0.000040,-5.99E-6,0,0.000069,0.000141,0.000051,0.000052,0.000169,-0.00009,-0.00025,0.000072,-0.00004,-0.00034,0.000189,-0.00014,-0.00031,-0.00062,-0.00001,-0.00016,0.000272,-0.00009,-0.00023,0.000050,-0.00005,-0.00041,-0.00079,-0.00027,-0.00032,-0.00099,0.000534,0.001401,-0.00046,0.000240,0.001977,-0.00103
63,"UN(6,6)",-6E-7,1.226E-6,5.136E-6,4.068E-6,8.695E-6,0.000012,-1.68E-6,-1.57E-6,2.492E-6,-9.08E-6,4.874E-7,3.95E-6,7.786E-6,-4.66E-6,1.475E-6,2.043E-6,-0.00001,-0.00003,4.808E-6,-7.39E-6,0.000041,-0.00001,-0.00003,-0.00005,-0.00002,-0.00004,-0.00004,-0.00002,-0.00002,-0.00002,0,-0.00003,-0.00005,-0.00004,-0.00002,-0.00005,0.000100,0.000172,0.000160,0.000093,0.000179,-0.00067,0.000095,0.000147,0.000225,0.000142,0.000217,0.000210,0.000092,0.000140,0.000135,0.000081,0.000163,0.000249,0.000241,0.000155,0.000276,-0.00061,-0.00093,-0.00090,-0.00058,-0.00103,0.003838
